# makespan 8691, time 14765404ms, iterations 500000
ShiftingBottleneck_seed_36191753_dmu68
40 20
40, 3 0 0 171 0 171, 29 0 0 178 171 349, 15 0 0 26 349 375, 36 0 0 68 375 443, 35 1 0 164 443 607, 38 1 0 5 607 612, 9 1 0 70 612 682, 21 1 0 147 682 829, 7 1 0 176 829 1005, 13 2 0 9 1005 1014, 27 2 0 84 1014 1098, 11 2 0 85 1098 1183, 18 2 0 49 1183 1232, 2 2 0 127 1232 1359, 0 2 0 132 1359 1491, 5 3 0 63 1491 1554, 23 3 0 164 1554 1718, 28 2 0 74 1718 1792, 12 3 0 65 1792 1857, 17 3 0 192 1857 2049, 24 3 0 9 2049 2058, 33 4 0 191 2058 2249, 22 4 0 189 2249 2438, 31 5 0 147 2438 2585, 32 5 0 137 2585 2722, 6 5 0 90 2722 2812, 16 6 0 150 2812 2962, 20 5 0 49 2962 3011, 10 6 0 64 3011 3075, 26 6 0 74 3075 3149, 37 6 0 123 3149 3272, 25 7 0 165 3274 3439, 34 7 0 158 3439 3597, 30 7 0 84 3597 3681, 19 8 0 129 3681 3810, 1 8 0 152 3810 3962, 14 8 0 22 3962 3984, 39 9 0 148 3984 4132, 4 9 0 155 4132 4287, 8 8 0 117 4287 4404, 
40, 31 0 1 111 0 111, 10 0 1 160 111 271, 19 0 1 103 271 374, 39 0 1 18 374 392, 14 1 1 110 392 502, 22 1 1 160 502 662, 23 1 1 159 662 821, 30 1 1 86 821 907, 35 2 1 141 907 1048, 34 3 1 123 1048 1171, 3 3 1 60 1171 1231, 8 3 1 182 1269 1451, 2 3 1 69 1451 1520, 16 3 1 171 1520 1691, 28 3 1 42 1792 1834, 26 3 1 21 1834 1855, 29 4 1 134 1893 2027, 12 4 1 32 2027 2059, 25 4 1 41 2059 2100, 27 4 1 70 2100 2170, 37 5 1 11 2170 2181, 38 4 1 103 2181 2284, 9 5 1 36 2284 2320, 17 6 1 107 2725 2832, 4 6 1 72 2832 2904, 21 6 1 107 2994 3101, 32 6 1 69 3101 3170, 1 7 1 193 3170 3363, 20 7 1 3 3363 3366, 13 8 1 72 3366 3438, 11 8 1 37 3438 3475, 7 8 1 182 3475 3657, 0 8 1 53 3657 3710, 18 8 1 175 3710 3885, 36 8 1 27 3885 3912, 15 8 1 195 3912 4107, 24 9 1 161 4107 4268, 33 9 1 136 4268 4404, 6 9 1 107 4404 4511, 5 9 1 176 4511 4687, 
40, 9 0 2 81 0 81, 13 0 2 73 81 154, 22 0 2 174 154 328, 33 0 2 41 328 369, 4 0 2 123 369 492, 23 0 2 25 492 517, 7 0 2 151 517 668, 25 1 2 185 668 853, 5 2 2 87 861 948, 38 3 2 76 1039 1115, 0 3 2 112 1491 1603, 32 4 2 70 1756 1826, 18 4 2 114 1826 1940, 19 4 2 74 1940 2014, 36 4 2 64 2014 2078, 3 4 2 86 2078 2164, 27 5 2 127 2170 2297, 39 5 2 25 2297 2322, 10 5 2 80 2322 2402, 14 6 2 34 2674 2708, 30 5 2 77 2709 2786, 1 6 2 133 2786 2919, 31 7 2 200 2919 3119, 11 7 2 30 3119 3149, 26 7 2 104 3149 3253, 16 7 2 133 3253 3386, 6 7 2 116 3386 3502, 15 7 2 46 3502 3548, 24 7 2 58 3548 3606, 35 7 2 9 3606 3615, 12 8 2 189 3615 3804, 29 8 2 198 3804 4002, 34 8 2 1 4002 4003, 20 8 2 146 4003 4149, 17 7 2 20 4149 4169, 37 9 2 167 4169 4336, 28 9 2 9 4340 4349, 2 9 2 119 4349 4468, 8 9 2 20 4468 4488, 21 9 2 120 4488 4608, 
40, 6 0 3 114 0 114, 1 0 3 137 114 251, 32 1 3 122 251 373, 34 1 3 144 373 517, 23 2 3 49 821 870, 29 2 3 19 870 889, 39 3 3 101 995 1096, 33 2 3 32 1173 1205, 9 3 3 142 1205 1347, 31 3 3 78 1347 1425, 21 3 3 172 1425 1597, 11 4 3 46 1597 1643, 20 3 3 147 1672 1819, 7 4 3 73 1819 1892, 16 4 3 130 1892 2022, 26 4 3 90 2022 2112, 0 5 3 164 2112 2276, 19 5 3 167 2276 2443, 13 5 3 165 2443 2608, 35 5 3 59 2608 2667, 22 5 3 96 2667 2763, 4 5 3 38 2763 2801, 28 5 3 147 2801 2948, 15 5 3 77 2948 3025, 2 6 3 163 3025 3188, 25 6 3 86 3188 3274, 12 6 3 30 3274 3304, 18 6 3 171 3304 3475, 30 6 3 35 3475 3510, 38 7 3 138 3510 3648, 37 7 3 34 3648 3682, 36 7 3 26 3682 3708, 10 7 3 38 3708 3746, 24 8 3 23 3746 3769, 5 8 3 113 3769 3882, 8 7 3 165 3882 4047, 27 9 3 171 4047 4218, 3 9 3 31 4218 4249, 14 9 3 161 4249 4410, 17 9 3 137 4702 4839, 
40, 2 0 4 79 0 79, 20 0 4 38 79 117, 18 0 4 117 117 234, 5 0 4 147 234 381, 1 1 4 138 381 519, 37 1 4 15 519 534, 3 1 4 102 534 636, 0 1 4 76 636 712, 26 1 4 187 712 899, 11 1 4 166 899 1065, 33 1 4 108 1065 1173, 14 2 4 188 1173 1361, 10 2 4 27 1361 1388, 28 1 4 74 1506 1580, 32 2 4 31 1580 1611, 19 3 4 2 1848 1850, 4 4 4 184 1850 2034, 35 4 4 67 2197 2264, 6 4 4 25 2264 2289, 17 4 4 106 2289 2395, 15 4 4 67 2498 2565, 24 5 4 155 2565 2720, 36 5 4 63 2720 2783, 22 6 4 168 2783 2951, 34 6 4 71 2951 3022, 8 6 4 26 3022 3048, 7 6 4 11 3048 3059, 29 7 4 32 3059 3091, 13 7 4 154 3091 3245, 9 7 4 192 3245 3437, 12 7 4 88 3437 3525, 21 7 4 96 3525 3621, 23 7 4 71 3621 3692, 39 8 4 114 3711 3825, 27 8 4 151 3825 3976, 38 9 4 190 3976 4166, 30 9 4 115 4166 4281, 31 9 4 110 4281 4391, 16 9 4 35 4391 4426, 25 9 4 67 4621 4688, 
40, 38 0 5 68 0 68, 12 1 5 155 167 322, 36 1 5 179 443 622, 29 1 5 143 622 765, 4 1 5 36 765 801, 34 2 5 143 801 944, 31 2 5 77 1162 1239, 13 3 5 188 1239 1427, 37 4 5 15 1536 1551, 39 4 5 6 1551 1557, 8 5 5 153 1563 1716, 10 4 5 33 1716 1749, 23 5 5 182 1749 1931, 2 5 5 190 1931 2121, 11 5 5 169 2121 2290, 33 5 5 191 2290 2481, 5 5 5 66 2481 2547, 19 6 5 120 2547 2667, 1 5 5 93 2667 2760, 27 6 5 173 2760 2933, 3 6 5 99 2933 3032, 24 6 5 38 3032 3070, 20 6 5 81 3070 3151, 15 6 5 175 3151 3326, 14 7 5 44 3326 3370, 7 7 5 6 3370 3376, 0 7 5 37 3376 3413, 22 7 5 77 3413 3490, 18 7 5 169 3490 3659, 35 8 5 53 3659 3712, 30 8 5 187 3712 3899, 21 8 5 198 3899 4097, 16 8 5 102 4097 4199, 28 8 5 141 4199 4340, 6 8 5 63 4340 4403, 9 9 5 58 4403 4461, 32 9 5 60 4461 4521, 26 9 5 19 4521 4540, 25 8 5 81 4540 4621, 17 8 5 81 4621 4702, 
40, 35 0 6 23 0 23, 8 0 6 62 23 85, 16 0 6 178 85 263, 6 1 6 172 263 435, 27 1 6 61 435 496, 19 1 6 178 496 674, 18 1 6 29 674 703, 3 2 6 4 703 707, 17 2 6 116 707 823, 21 2 6 135 829 964, 38 2 6 75 964 1039, 12 2 6 62 1039 1101, 4 2 6 37 1101 1138, 24 2 6 41 1138 1179, 15 2 6 86 1179 1265, 1 2 6 135 1265 1400, 37 3 6 136 1400 1536, 30 3 6 8 1536 1544, 10 3 6 138 1544 1682, 23 4 6 26 1718 1744, 2 4 6 75 1744 1819, 25 3 6 118 1819 1937, 22 3 6 101 1937 2038, 9 4 6 64 2038 2102, 34 4 6 58 2102 2160, 5 4 6 72 2160 2232, 26 5 6 137 2232 2369, 7 5 6 121 2369 2490, 14 5 6 184 2490 2674, 13 6 6 94 2674 2768, 31 6 6 57 2768 2825, 29 6 6 192 2825 3017, 28 6 6 186 3017 3203, 33 6 6 181 3203 3384, 36 6 6 200 3384 3584, 39 7 6 127 3584 3711, 32 7 6 79 3711 3790, 11 9 6 38 3790 3828, 0 9 6 86 3828 3914, 20 9 6 91 4149 4240, 
40, 12 0 7 167 0 167, 26 0 7 48 167 215, 13 1 7 16 215 231, 20 1 7 178 231 409, 17 1 7 164 409 573, 16 1 7 69 573 642, 37 2 7 195 642 837, 22 2 7 49 837 886, 25 2 7 101 886 987, 39 2 7 8 987 995, 9 2 7 27 995 1022, 36 3 7 144 1022 1166, 4 3 7 191 1166 1357, 14 3 7 136 1361 1497, 8 4 7 66 1497 1563, 32 3 7 145 1611 1756, 29 3 7 137 1756 1893, 31 4 7 182 1893 2075, 21 4 7 105 2075 2180, 24 4 7 63 2180 2243, 1 4 7 158 2383 2541, 30 4 7 168 2541 2709, 3 5 7 114 2709 2823, 6 6 7 98 2823 2921, 0 6 7 91 2921 3012, 38 6 7 9 3012 3021, 11 6 7 48 3021 3069, 5 7 7 58 3093 3151, 27 7 7 89 3151 3240, 33 7 7 16 3384 3400, 28 7 7 59 3400 3459, 2 7 7 175 3459 3634, 10 8 7 147 3746 3893, 23 8 7 87 3893 3980, 19 9 7 38 3980 4018, 34 9 7 97 4018 4115, 35 9 7 133 4115 4248, 18 9 7 200 4248 4448, 15 9 7 172 4448 4620, 7 9 7 68 4620 4688, 
40, 32 0 8 48 0 48, 0 0 8 65 48 113, 37 0 8 108 113 221, 34 0 8 23 221 244, 14 0 8 1 244 245, 27 0 8 189 245 434, 11 0 8 24 434 458, 25 0 8 87 458 545, 21 0 8 78 545 623, 30 0 8 153 623 776, 24 1 8 177 776 953, 39 1 8 10 953 963, 2 1 8 3 963 966, 31 1 8 196 966 1162, 8 2 8 107 1162 1269, 10 1 8 37 1269 1306, 28 0 8 200 1306 1506, 20 2 8 166 1506 1672, 7 3 8 82 1672 1754, 19 2 8 94 1754 1848, 6 3 8 188 1848 2036, 35 3 8 161 2036 2197, 1 3 8 186 2197 2383, 15 3 8 115 2383 2498, 29 5 8 53 2498 2551, 17 5 8 174 2551 2725, 16 5 8 32 2725 2757, 18 5 8 64 2757 2821, 9 6 8 126 2821 2947, 5 6 8 146 2947 3093, 33 8 8 65 3400 3465, 38 8 8 20 3648 3668, 4 8 8 46 3668 3714, 3 8 8 120 3714 3834, 26 8 8 135 3834 3969, 12 9 8 190 3969 4159, 36 9 8 72 4159 4231, 13 9 8 42 4231 4273, 23 9 8 68 4273 4341, 22 9 8 137 4341 4478, 
40, 24 0 9 115 0 115, 17 0 9 5 115 120, 15 1 9 179 375 554, 8 1 9 186 554 740, 5 1 9 121 740 861, 36 2 9 7 861 868, 26 2 9 69 899 968, 16 2 9 87 968 1055, 7 2 9 50 1055 1105, 6 2 9 81 1105 1186, 30 2 9 74 1186 1260, 33 3 9 139 1260 1399, 27 3 9 26 1399 1425, 11 3 9 134 1425 1559, 18 3 9 84 1559 1643, 14 4 9 179 1643 1822, 0 4 9 186 1822 2008, 13 4 9 157 2008 2165, 20 4 9 162 2165 2327, 28 4 9 16 2327 2343, 34 5 9 59 2343 2402, 12 5 9 158 2402 2560, 25 5 9 170 2560 2730, 38 5 9 139 2730 2869, 21 5 9 125 2869 2994, 39 6 9 86 2994 3080, 23 6 9 142 3080 3222, 35 6 9 194 3222 3416, 19 7 9 51 3416 3467, 4 7 9 155 3467 3622, 3 7 9 85 3622 3707, 2 8 9 61 3707 3768, 9 8 9 152 3768 3920, 37 8 9 21 3920 3941, 22 8 9 84 3941 4025, 31 8 9 6 4025 4031, 32 8 9 24 4031 4055, 29 9 9 165 4055 4220, 1 9 9 88 4220 4308, 10 9 9 14 4308 4322, 
40, 36 10 10 5 4231 4236, 24 10 10 82 4268 4350, 28 10 10 52 4350 4402, 33 10 10 60 4404 4464, 18 10 10 18 4464 4482, 29 11 10 110 4482 4592, 22 11 10 151 4592 4743, 9 11 10 198 4743 4941, 19 11 10 131 4941 5072, 17 11 10 18 5072 5090, 37 12 10 124 5090 5214, 26 12 10 179 5214 5393, 4 12 10 68 5393 5461, 8 12 10 123 5461 5584, 1 12 10 153 5584 5737, 30 13 10 70 5737 5807, 10 13 10 117 5807 5924, 11 13 10 181 5924 6105, 38 13 10 9 6105 6114, 3 14 10 198 6114 6312, 27 14 10 147 6312 6459, 16 15 10 79 6459 6538, 31 15 10 24 6538 6562, 13 15 10 51 6562 6613, 21 15 10 12 6613 6625, 7 16 10 85 6646 6731, 15 16 10 146 6731 6877, 34 16 10 111 6877 6988, 39 16 10 44 6988 7032, 0 16 10 197 7032 7229, 32 17 10 53 7229 7282, 5 16 10 191 7282 7473, 14 17 10 117 7473 7590, 35 17 10 146 7590 7736, 23 18 10 10 7786 7796, 20 18 10 153 7796 7949, 6 18 10 44 7949 7993, 25 18 10 63 7993 8056, 2 19 10 27 8056 8083, 12 19 10 6 8122 8128, 
40, 20 10 11 30 4240 4270, 34 10 11 114 4270 4384, 7 10 11 52 4688 4740, 18 11 11 24 4740 4764, 35 11 11 175 4764 4939, 37 11 11 58 4939 4997, 13 11 11 37 4997 5034, 28 12 11 165 5034 5199, 36 12 11 171 5199 5370, 32 12 11 39 5370 5409, 19 12 11 2 5409 5411, 11 12 11 79 5411 5490, 5 12 11 10 5490 5500, 14 13 11 102 5580 5682, 31 13 11 119 5682 5801, 27 13 11 81 5801 5882, 17 14 11 38 5882 5920, 12 14 11 115 5920 6035, 6 15 11 193 6035 6228, 22 15 11 43 6228 6271, 2 15 11 151 6271 6422, 0 15 11 28 6422 6450, 25 15 11 9 6450 6459, 8 16 11 174 6459 6633, 29 16 11 121 6638 6759, 10 16 11 87 6759 6846, 33 16 11 8 6846 6854, 24 17 11 158 6854 7012, 1 17 11 118 7012 7130, 4 17 11 171 7130 7301, 3 17 11 157 7301 7458, 16 17 11 134 7458 7592, 23 17 11 194 7592 7786, 38 18 11 103 7786 7889, 9 18 11 92 7889 7981, 26 18 11 173 7981 8154, 15 18 11 188 8154 8342, 39 19 11 166 8342 8508, 21 18 11 92 8508 8600, 30 19 11 89 8600 8689, 
40, 14 10 12 42 4410 4452, 38 10 12 172 4452 4624, 27 10 12 97 4624 4721, 25 10 12 23 4721 4744, 4 11 12 192 4744 4936, 12 11 12 143 4936 5079, 5 11 12 124 5079 5203, 30 11 12 24 5203 5227, 33 11 12 37 5227 5264, 1 11 12 104 5264 5368, 2 11 12 3 5368 5371, 3 12 12 32 5371 5403, 9 12 12 4 5403 5407, 39 12 12 54 5407 5461, 31 12 12 20 5461 5481, 22 13 12 23 5481 5504, 6 13 12 185 5504 5689, 0 13 12 6 5745 5751, 15 14 12 130 5926 6056, 8 14 12 54 6069 6123, 35 14 12 3 6123 6126, 28 15 12 68 6600 6668, 37 15 12 32 6668 6700, 20 16 12 139 6700 6839, 18 16 12 67 6839 6906, 26 16 12 154 6906 7060, 7 17 12 114 7060 7174, 29 18 12 44 7174 7218, 34 18 12 19 7311 7330, 13 18 12 132 7330 7462, 32 18 12 85 7462 7547, 19 19 12 135 7547 7682, 11 19 12 176 7682 7858, 16 19 12 124 7858 7982, 23 19 12 84 7982 8066, 36 19 12 126 8066 8192, 17 19 12 178 8192 8370, 24 19 12 63 8370 8433, 10 19 12 191 8433 8624, 21 19 12 65 8624 8689, 
40, 30 10 13 39 4281 4320, 3 10 13 2 4320 4322, 1 10 13 125 4322 4447, 34 11 13 142 4447 4589, 8 10 13 74 4589 4663, 6 11 13 199 4663 4862, 20 11 13 112 4862 4974, 39 11 13 168 4974 5142, 27 12 13 25 5174 5199, 17 12 13 9 5199 5208, 12 12 13 120 5208 5328, 2 13 13 28 5441 5469, 24 13 13 29 5469 5498, 14 14 13 13 5682 5695, 26 14 13 154 5695 5849, 25 14 13 194 5849 6043, 32 14 13 128 6043 6171, 23 15 13 144 6171 6315, 9 15 13 173 6315 6488, 15 15 13 191 6488 6679, 11 15 13 180 6679 6859, 4 16 13 166 6859 7025, 13 16 13 115 7025 7140, 10 17 13 128 7140 7268, 21 17 13 69 7268 7337, 36 17 13 112 7337 7449, 19 18 13 70 7465 7535, 5 17 13 164 7535 7699, 16 18 13 95 7699 7794, 31 18 13 107 7794 7901, 0 18 13 123 7901 8024, 18 18 13 13 8024 8037, 37 19 13 103 8037 8140, 28 19 13 134 8140 8274, 29 19 13 34 8274 8308, 22 19 13 56 8308 8364, 35 19 13 44 8364 8408, 38 19 13 38 8408 8446, 7 19 13 176 8446 8622, 33 19 13 40 8622 8662, 
40, 12 10 14 22 4159 4181, 23 10 14 164 4341 4505, 32 10 14 133 4521 4654, 15 10 14 40 4654 4694, 10 11 14 178 4694 4872, 21 11 14 87 4872 4959, 35 12 14 128 4959 5087, 16 11 14 53 5087 5140, 11 11 14 112 5140 5252, 25 12 14 194 5252 5446, 14 12 14 134 5446 5580, 0 12 14 165 5580 5745, 33 12 14 104 5745 5849, 36 13 14 118 5849 5967, 1 13 14 5 5967 5972, 39 13 14 192 5972 6164, 5 14 14 60 6164 6224, 34 14 14 149 6224 6373, 7 14 14 64 6373 6437, 38 14 14 82 6437 6519, 37 14 14 4 6519 6523, 26 15 14 29 6523 6552, 19 15 14 107 6552 6659, 3 16 14 183 6659 6842, 24 16 14 11 6842 6853, 9 17 14 66 6853 6919, 22 16 14 45 6919 6964, 29 17 14 60 6964 7024, 13 17 14 187 7140 7327, 20 17 14 176 7327 7503, 31 17 14 137 7503 7640, 4 18 14 194 7640 7834, 2 18 14 94 7834 7928, 28 18 14 25 7964 7989, 17 18 14 169 7989 8158, 30 18 14 56 8158 8214, 27 18 14 140 8214 8354, 8 19 14 7 8354 8361, 18 19 14 108 8361 8469, 6 19 14 8 8469 8477, 
40, 19 10 15 153 4018 4171, 29 10 15 142 4220 4362, 13 10 15 96 4362 4458, 6 10 15 66 4511 4577, 3 11 15 75 4577 4652, 5 10 15 157 4687 4844, 7 11 15 130 4844 4974, 38 12 15 174 4974 5148, 22 12 15 102 5148 5250, 24 12 15 40 5250 5290, 16 12 15 56 5290 5346, 2 12 15 70 5371 5441, 30 12 15 101 5441 5542, 32 13 15 37 5542 5579, 9 13 15 33 5579 5612, 20 13 15 144 5612 5756, 12 13 15 137 5756 5893, 33 13 15 33 5893 5926, 21 14 15 111 5926 6037, 36 14 15 167 6037 6204, 11 14 15 159 6204 6363, 31 14 15 50 6363 6413, 28 14 15 187 6413 6600, 4 15 15 124 6600 6724, 39 15 15 186 6724 6910, 14 16 15 159 6910 7069, 17 16 15 148 7069 7217, 27 16 15 92 7217 7309, 23 16 15 10 7309 7319, 0 17 15 143 7319 7462, 37 18 15 192 7472 7664, 18 17 15 1 7664 7665, 8 18 15 145 7665 7810, 35 18 15 95 7810 7905, 10 18 15 102 7905 8007, 1 18 15 141 8007 8148, 34 19 15 130 8148 8278, 26 19 15 178 8278 8456, 25 19 15 125 8456 8581, 15 19 15 85 8581 8666, 
40, 35 10 16 119 4248 4367, 31 10 16 73 4391 4464, 22 10 16 48 4478 4526, 37 10 16 62 4526 4588, 36 11 16 167 4588 4755, 38 11 16 174 4755 4929, 26 11 16 12 4929 4941, 25 11 16 42 4941 4983, 10 12 16 36 4983 5019, 18 12 16 116 5019 5135, 23 12 16 126 5135 5261, 13 13 16 108 5261 5369, 29 13 16 3 5369 5372, 0 14 16 59 5751 5810, 30 14 16 120 5810 5930, 33 14 16 71 5930 6001, 9 14 16 15 6001 6016, 12 15 16 22 6035 6057, 14 15 16 156 6057 6213, 8 15 16 174 6213 6387, 34 15 16 186 6387 6573, 20 15 16 1 6573 6574, 5 15 16 126 6574 6700, 1 15 16 134 6700 6834, 17 15 16 35 6834 6869, 21 16 16 175 6869 7044, 19 16 16 195 7044 7239, 16 16 16 175 7239 7414, 2 16 16 162 7414 7576, 11 18 16 68 7576 7644, 6 17 16 103 7644 7747, 15 17 16 48 7747 7795, 28 17 16 169 7795 7964, 7 18 16 132 7964 8096, 39 18 16 76 8096 8172, 24 18 16 175 8172 8347, 32 19 16 101 8347 8448, 3 19 16 14 8448 8462, 27 19 16 35 8462 8497, 4 19 16 186 8497 8683, 
40, 10 10 17 113 4322 4435, 26 10 17 122 4540 4662, 32 11 17 36 4662 4698, 34 12 17 111 4698 4809, 15 12 17 34 4809 4843, 6 12 17 160 4862 5022, 29 12 17 52 5022 5074, 13 12 17 6 5074 5080, 35 13 17 163 5087 5250, 21 13 17 131 5250 5381, 23 13 17 52 5381 5433, 28 13 17 195 5433 5628, 16 14 17 88 5628 5716, 37 13 17 5 5716 5721, 22 14 17 92 5721 5813, 4 14 17 56 5813 5869, 24 14 17 197 5869 6066, 8 13 17 3 6066 6069, 18 14 17 114 6069 6183, 39 14 17 132 6183 6315, 3 15 17 9 6315 6324, 33 15 17 166 6324 6490, 7 15 17 156 6490 6646, 9 16 17 188 6646 6834, 12 16 17 180 6834 7014, 25 16 17 154 7014 7168, 31 16 17 155 7168 7323, 38 17 17 78 7323 7401, 19 17 17 64 7401 7465, 11 17 17 72 7465 7537, 27 17 17 154 7537 7691, 2 17 17 85 7691 7776, 17 17 17 122 7776 7898, 36 18 17 93 7898 7991, 30 17 17 41 7991 8032, 14 18 17 114 8032 8146, 20 19 17 147 8146 8293, 0 19 17 171 8293 8464, 1 19 17 150 8464 8614, 5 19 17 77 8614 8691, 
40, 0 10 18 146 3914 4060, 11 10 18 24 4060 4084, 39 10 18 138 4132 4270, 4 10 18 152 4287 4439, 9 10 18 186 4461 4647, 21 10 18 148 4647 4795, 28 11 18 25 4795 4820, 23 11 18 73 4820 4893, 17 10 18 148 4893 5041, 8 11 18 126 5041 5167, 24 11 18 78 5167 5245, 14 11 18 33 5245 5278, 7 12 18 160 5278 5438, 20 12 18 93 5438 5531, 16 13 18 17 5531 5548, 26 13 18 101 5548 5649, 25 13 18 127 5649 5776, 15 13 18 150 5776 5926, 3 13 18 119 5926 6045, 2 14 18 76 6045 6121, 29 14 18 128 6121 6249, 19 14 18 75 6249 6324, 36 15 18 22 6324 6346, 10 15 18 126 6346 6472, 35 15 18 119 6472 6591, 27 15 18 14 6591 6605, 18 15 18 149 6605 6754, 6 16 18 141 6754 6895, 1 16 18 15 6895 6910, 38 16 18 109 6910 7019, 32 16 18 42 7019 7061, 30 16 18 135 7061 7196, 34 17 18 115 7196 7311, 37 17 18 108 7364 7472, 33 17 18 135 7472 7607, 22 18 18 159 7912 8071, 5 18 18 40 8071 8111, 12 18 18 11 8111 8122, 13 19 18 47 8122 8169, 31 19 18 1 8169 8170, 
40, 2 10 19 180 4468 4648, 15 11 19 103 4694 4797, 16 10 19 109 4797 4906, 0 11 19 64 4906 4970, 31 11 19 32 4970 5002, 27 11 19 172 5002 5174, 21 12 19 46 5174 5220, 17 13 19 16 5220 5236, 18 13 19 199 5236 5435, 34 13 19 1 5435 5436, 7 13 19 100 5438 5538, 19 13 19 131 5538 5669, 4 13 19 25 5669 5694, 23 14 19 134 5694 5828, 6 14 19 186 5828 6014, 5 13 19 119 6014 6133, 10 14 19 37 6133 6170, 1 14 19 184 6170 6354, 13 14 19 77 6354 6431, 20 14 19 50 6431 6481, 29 15 19 157 6481 6638, 38 15 19 1 6638 6639, 24 15 19 98 6639 6737, 32 15 19 150 6737 6887, 30 15 19 117 6887 7004, 11 16 19 200 7004 7204, 35 16 19 4 7204 7208, 28 16 19 7 7208 7215, 36 16 19 32 7215 7247, 37 16 19 117 7247 7364, 12 17 19 72 7364 7436, 8 17 19 121 7436 7557, 25 17 19 112 7557 7669, 39 17 19 72 7669 7741, 22 17 19 171 7741 7912, 26 17 19 3 7912 7915, 3 18 19 64 7915 7979, 33 18 19 136 7979 8115, 14 19 19 195 8146 8341, 9 19 19 189 8341 8530, 
