ShiftingBottleneck_seed_3645762_dmu01
20 15
20, 0 0 0 160 0 160, 17 1 0 32 160 192, 5 1 0 115 209 324, 7 1 0 171 324 495, 18 2 0 106 495 601, 3 3 0 192 601 793, 13 5 0 54 793 847, 4 7 0 118 955 1073, 19 7 0 104 1111 1215, 15 7 0 96 1215 1311, 11 7 0 160 1311 1471, 14 8 0 91 1471 1562, 10 7 0 120 1562 1682, 1 7 0 122 1682 1804, 8 8 0 67 1804 1871, 2 9 0 13 1871 1884, 6 10 0 102 1884 1986, 9 12 0 120 2059 2179, 16 14 0 93 2736 2829, 12 14 0 143 2829 2972, 
20, 9 0 1 135 0 135, 6 1 1 62 135 197, 19 0 1 14 197 211, 16 0 1 176 211 387, 3 1 1 11 387 398, 10 1 1 172 398 570, 4 5 1 181 623 804, 1 5 1 95 804 899, 17 5 1 100 899 999, 0 7 1 107 1222 1329, 5 8 1 115 1507 1622, 11 8 1 14 1622 1636, 18 8 1 138 1636 1774, 12 9 1 31 1774 1805, 15 8 1 150 1805 1955, 8 9 1 165 1955 2120, 13 11 1 104 2120 2224, 14 12 1 82 2224 2306, 7 14 1 171 2384 2555, 2 14 1 142 2771 2913, 
20, 10 0 2 93 0 93, 5 2 2 122 324 446, 1 3 2 189 479 668, 19 3 2 70 668 738, 12 4 2 127 738 865, 6 6 2 134 992 1126, 0 6 2 28 1194 1222, 3 8 2 141 1370 1511, 14 9 2 118 1562 1680, 9 10 2 169 1680 1849, 2 10 2 15 1884 1899, 16 10 2 91 1899 1990, 11 11 2 61 1990 2051, 4 10 2 124 2051 2175, 7 11 2 72 2192 2264, 17 12 2 105 2282 2387, 18 12 2 107 2387 2494, 13 12 2 61 2494 2555, 15 12 2 45 2555 2600, 8 14 2 12 2675 2687, 
20, 18 1 3 73 1 74, 13 1 3 78 74 152, 11 0 3 122 152 274, 6 2 3 186 274 460, 1 2 3 19 460 479, 16 2 3 92 502 594, 15 3 3 152 594 746, 9 5 3 52 860 912, 4 6 3 43 912 955, 3 6 3 4 1000 1004, 12 7 3 52 1004 1056, 0 8 3 196 1329 1525, 7 7 3 113 1525 1638, 17 8 3 163 1638 1801, 8 12 3 46 2267 2313, 5 12 3 175 2313 2488, 19 13 3 6 2590 2596, 10 13 3 171 2596 2767, 2 13 3 4 2767 2771, 14 14 3 100 2771 2871, 
20, 19 2 4 115 216 331, 11 2 4 6 331 337, 3 2 4 162 398 560, 18 3 4 80 601 681, 8 3 4 9 681 690, 2 3 4 147 690 837, 15 5 4 13 837 850, 12 6 4 43 960 1003, 4 8 4 61 1073 1134, 16 8 4 156 1299 1455, 6 8 4 189 1455 1644, 13 9 4 115 1644 1759, 1 8 4 165 1804 1969, 17 10 4 5 1969 1974, 5 10 4 23 1974 1997, 9 11 4 62 1997 2059, 0 11 4 7 2059 2066, 7 12 4 16 2264 2280, 10 12 4 176 2280 2456, 14 13 4 89 2456 2545, 
20, 13 0 5 4 0 4, 4 0 5 53 4 57, 5 0 5 152 57 209, 9 1 5 105 209 314, 2 1 5 11 314 325, 12 3 5 194 392 586, 3 4 5 35 793 828, 19 5 5 76 1015 1091, 11 5 5 5 1091 1096, 0 5 5 98 1096 1194, 18 6 5 71 1331 1402, 10 6 5 38 1402 1440, 8 7 5 135 1440 1575, 7 9 5 152 1800 1952, 14 11 5 55 2084 2139, 15 11 5 57 2139 2196, 17 13 5 186 2387 2573, 16 13 5 163 2573 2736, 6 14 5 41 2736 2777, 1 14 5 183 2777 2960, 
20, 6 0 6 50 0 50, 11 1 6 21 274 295, 0 2 6 139 295 434, 8 2 6 116 434 550, 14 2 6 166 550 716, 10 3 6 72 716 788, 2 6 6 141 1176 1317, 9 8 6 170 1331 1501, 12 8 6 166 1501 1667, 16 9 6 102 1667 1769, 18 9 6 148 1774 1922, 5 9 6 18 1922 1940, 15 9 6 97 1955 2052, 7 10 6 140 2052 2192, 3 10 6 62 2192 2254, 17 11 6 28 2254 2282, 4 11 6 176 2282 2458, 19 12 6 132 2458 2590, 13 13 6 75 2590 2665, 1 13 6 83 2665 2748, 
20, 1 1 7 160 105 265, 15 4 7 51 746 797, 10 4 7 189 797 986, 7 4 7 5 986 991, 16 6 7 83 1020 1103, 14 6 7 38 1103 1141, 9 7 7 188 1143 1331, 5 7 7 176 1331 1507, 17 7 7 52 1507 1559, 2 7 7 136 1559 1695, 19 8 7 167 1695 1862, 0 10 7 114 1893 2007, 13 10 7 101 2007 2108, 6 11 7 3 2108 2111, 18 11 7 60 2111 2171, 11 12 7 148 2171 2319, 3 13 7 135 2319 2454, 12 12 7 166 2454 2620, 8 13 7 55 2620 2675, 4 14 7 136 2683 2819, 
20, 17 0 8 38 0 38, 8 1 8 54 185 239, 12 2 8 100 292 392, 13 3 8 119 392 511, 9 3 8 4 511 515, 14 3 8 41 716 757, 3 5 8 172 828 1000, 7 6 8 195 1297 1492, 2 11 8 10 1899 1909, 19 10 8 193 1920 2113, 10 11 8 65 2113 2178, 6 12 8 177 2178 2355, 1 12 8 51 2355 2406, 16 12 8 19 2406 2425, 0 13 8 133 2425 2558, 4 13 8 125 2558 2683, 5 13 8 110 2683 2793, 15 13 8 17 2793 2810, 18 14 8 178 2810 2988, 11 14 8 194 2988 3182, 
20, 12 0 9 94 0 94, 4 1 9 89 94 183, 15 1 9 107 183 290, 9 2 9 49 314 363, 2 2 9 130 363 493, 16 3 9 9 594 603, 17 4 9 71 603 674, 7 3 9 32 674 706, 19 6 9 20 1091 1111, 11 6 9 180 1111 1291, 6 7 9 141 1291 1432, 13 6 9 38 1432 1470, 18 7 9 145 1470 1615, 10 10 9 77 1965 2042, 1 9 9 2 2042 2044, 14 10 9 40 2044 2084, 8 10 9 100 2120 2220, 5 11 9 26 2220 2246, 3 11 9 12 2254 2266, 0 14 9 76 2558 2634, 
20, 14 0 10 18 0 18, 19 1 10 5 211 216, 4 2 10 168 216 384, 12 5 10 95 865 960, 6 5 10 32 960 992, 15 6 10 112 992 1104, 16 7 10 195 1104 1299, 8 6 10 22 1299 1321, 9 9 10 170 1501 1671, 2 8 10 33 1695 1728, 0 9 10 165 1728 1893, 18 10 10 168 1922 2090, 1 10 10 66 2090 2156, 7 13 10 104 2280 2384, 3 14 10 25 2454 2479, 11 13 10 96 2479 2575, 17 14 10 186 2575 2761, 13 14 10 175 2761 2936, 10 14 10 169 2936 3105, 5 14 10 75 3105 3180, 
20, 18 0 11 1 0 1, 2 0 11 61 1 62, 15 0 11 2 62 64, 14 1 11 115 64 179, 13 2 11 199 179 378, 17 3 11 109 378 487, 16 1 11 15 487 502, 4 4 11 121 502 623, 0 3 11 99 623 722, 1 4 11 25 722 747, 6 4 11 156 747 903, 19 4 11 112 903 1015, 9 6 11 128 1015 1143, 7 5 11 154 1143 1297, 5 6 11 29 1297 1326, 3 9 11 139 1511 1650, 11 9 11 73 1650 1723, 10 9 11 51 1914 1965, 8 11 11 47 2220 2267, 12 13 11 139 2620 2759, 
20, 12 1 12 198 94 292, 4 3 12 41 384 425, 6 3 12 57 460 517, 13 4 12 167 517 684, 9 4 12 176 684 860, 0 4 12 9 860 869, 5 4 12 46 869 915, 14 5 12 101 915 1016, 16 5 12 4 1016 1020, 8 5 12 155 1020 1175, 2 5 12 1 1175 1176, 18 4 12 150 1176 1326, 17 6 12 139 1326 1465, 1 6 12 15 1465 1480, 7 8 12 162 1638 1800, 10 8 12 114 1800 1914, 11 10 12 45 1914 1959, 3 12 12 1 2266 2267, 19 11 12 30 2267 2297, 15 14 12 184 2810 2994, 
20, 3 0 13 117 0 117, 8 0 13 68 117 185, 7 0 13 35 185 220, 0 1 13 5 220 225, 10 2 13 124 570 694, 11 3 13 189 694 883, 2 4 13 106 883 989, 5 5 13 144 989 1133, 18 5 13 5 1326 1331, 14 7 13 29 1331 1360, 13 8 13 10 1584 1594, 6 9 13 118 1644 1762, 17 9 13 40 1801 1841, 19 9 13 58 1862 1920, 12 11 13 104 1920 2024, 15 10 13 67 2052 2119, 1 11 13 111 2156 2267, 16 11 13 65 2267 2332, 4 12 13 28 2458 2486, 9 13 13 28 2486 2514, 
20, 1 0 14 105 0 105, 17 2 14 80 192 272, 15 2 14 99 290 389, 7 2 14 160 495 655, 5 3 14 5 655 660, 16 4 14 77 660 737, 14 4 14 124 757 881, 8 4 14 99 881 980, 11 4 14 75 980 1055, 10 5 14 122 1055 1177, 3 7 14 193 1177 1370, 13 7 14 114 1470 1584, 4 9 14 193 1584 1777, 12 10 14 100 1805 1905, 2 12 14 62 1909 1971, 0 12 14 34 2066 2100, 6 13 14 43 2355 2398, 18 13 14 164 2494 2658, 19 14 14 19 2658 2677, 9 14 14 70 2677 2747, 
